t (s)	q (C)
0.000000E+00	2.903921E-23
1.000000E-20	5.714033E-23
2.000000E-20	8.433101E-23
3.000000E-20	1.106381E-22
4.000000E-20	1.360877E-22
5.000000E-20	1.607052E-22
6.000000E-20	1.845152E-22
7.000000E-20	2.075415E-22
8.000000E-20	2.298074E-22
9.000000E-20	2.513354E-22
1.000000E-19	2.721475E-22
1.100000E-19	2.922648E-22
1.200000E-19	3.117081E-22
1.300000E-19	3.304975E-22
1.400000E-19	3.486523E-22
1.500000E-19	3.661915E-22
1.600000E-19	3.831334E-22
1.700000E-19	3.994960E-22
1.800000E-19	4.152966E-22
1.900000E-19	4.305519E-22
2.000000E-19	4.452783E-22
2.100000E-19	4.594916E-22
2.200000E-19	4.732074E-22
2.300000E-19	4.864405E-22
2.400000E-19	4.992055E-22
2.500000E-19	5.115164E-22
2.600000E-19	5.233870E-22
2.700000E-19	5.348306E-22
2.800000E-19	5.458601E-22
2.900000E-19	5.564880E-22
3.000000E-19	5.667265E-22
3.100000E-19	5.765875E-22
3.200000E-19	5.860824E-22
3.300000E-19	5.952223E-22
3.400000E-19	6.040181E-22
3.500000E-19	6.124803E-22
3.600000E-19	6.206191E-22
3.700000E-19	6.284444E-22
3.800000E-19	6.359658E-22
3.900000E-19	6.431927E-22
4.000000E-19	6.501341E-22
4.100000E-19	6.567988E-22
4.200000E-19	6.631954E-22
4.300000E-19	6.693322E-22
4.400000E-19	6.752171E-22
4.500000E-19	6.808581E-22
4.600000E-19	6.862627E-22
4.700000E-19	6.914383E-22
4.800000E-19	6.963920E-22
4.900000E-19	7.011308E-22
5.000000E-19	7.056615E-22
5.100000E-19	7.099905E-22
5.200000E-19	7.141242E-22
5.300000E-19	7.180688E-22
5.400000E-19	7.218302E-22
5.500000E-19	7.254143E-22
5.600000E-19	7.288268E-22
5.700000E-19	7.320730E-22
5.800000E-19	7.351583E-22
5.900000E-19	7.380878E-22
6.000000E-19	7.408666E-22
6.100000E-19	7.434994E-22
6.200000E-19	7.459911E-22
6.300000E-19	7.483462E-22
6.400000E-19	7.505691E-22
6.500000E-19	7.526641E-22
6.600000E-19	7.546354E-22
6.700000E-19	7.564871E-22
6.800000E-19	7.582231E-22
6.900000E-19	7.598472E-22
7.000000E-19	7.613632E-22
7.100000E-19	7.627746E-22
7.200000E-19	7.640849E-22
7.300000E-19	7.652975E-22
7.400000E-19	7.664156E-22
7.500000E-19	7.674426E-22
7.600000E-19	7.683814E-22
7.700000E-19	7.692351E-22
7.800000E-19	7.700066E-22
7.900000E-19	7.706986E-22
8.000000E-19	7.713140E-22
8.100000E-19	7.718555E-22
8.200000E-19	7.723254E-22
8.300000E-19	7.727265E-22
8.400000E-19	7.730611E-22
8.500000E-19	7.733315E-22
8.600000E-19	7.735401E-22
8.700000E-19	7.736890E-22
8.800000E-19	7.737804E-22
8.900000E-19	7.738164E-22
9.000000E-19	7.737991E-22
9.100000E-19	7.737302E-22
9.200000E-19	7.736119E-22
9.300000E-19	7.734458E-22
9.400000E-19	7.732338E-22
9.500000E-19	7.729776E-22
9.600000E-19	7.726790E-22
9.700000E-19	7.723394E-22
9.800000E-19	7.719606E-22
9.900000E-19	7.715439E-22
1.000000E-18	7.710910E-22
1.010000E-18	7.706033E-22
1.020000E-18	7.700820E-22
1.030000E-18	7.695287E-22
1.040000E-18	7.689446E-22
1.050000E-18	7.683309E-22
1.060000E-18	7.676890E-22
1.070000E-18	7.670199E-22
1.080000E-18	7.663248E-22
1.090000E-18	7.656050E-22
1.100000E-18	7.648613E-22
1.110000E-18	7.640950E-22
1.120000E-18	7.633070E-22
1.130000E-18	7.624982E-22
1.140000E-18	7.616697E-22
1.150000E-18	7.608224E-22
1.160000E-18	7.599571E-22
1.170000E-18	7.590748E-22
1.180000E-18	7.581762E-22
1.190000E-18	7.572622E-22
1.200000E-18	7.563336E-22
1.210000E-18	7.553911E-22
1.220000E-18	7.544355E-22
1.230000E-18	7.534675E-22
1.240000E-18	7.524877E-22
1.250000E-18	7.514969E-22
1.260000E-18	7.504956E-22
1.270000E-18	7.494846E-22
1.280000E-18	7.484643E-22
1.290000E-18	7.474355E-22
1.300000E-18	7.463986E-22
1.310000E-18	7.453542E-22
1.320000E-18	7.443029E-22
1.330000E-18	7.432451E-22
1.340000E-18	7.421813E-22
1.350000E-18	7.411121E-22
1.360000E-18	7.400379E-22
1.370000E-18	7.389591E-22
1.380000E-18	7.378761E-22
1.390000E-18	7.367894E-22
1.400000E-18	7.356994E-22
1.410000E-18	7.346065E-22
1.420000E-18	7.335110E-22
1.430000E-18	7.324134E-22
1.440000E-18	7.313138E-22
1.450000E-18	7.302128E-22
1.460000E-18	7.291106E-22
1.470000E-18	7.280075E-22
1.480000E-18	7.269038E-22
1.490000E-18	7.257999E-22
1.500000E-18	7.246960E-22
1.510000E-18	7.235924E-22
1.520000E-18	7.224893E-22
1.530000E-18	7.213869E-22
1.540000E-18	7.202857E-22
1.550000E-18	7.191857E-22
1.560000E-18	7.180871E-22
1.570000E-18	7.169903E-22
1.580000E-18	7.158954E-22
1.590000E-18	7.148027E-22
1.600000E-18	7.137122E-22
1.610000E-18	7.126242E-22
1.620000E-18	7.115389E-22
1.630000E-18	7.104564E-22
1.640000E-18	7.093770E-22
1.650000E-18	7.083007E-22
1.660000E-18	7.072277E-22
1.670000E-18	7.061582E-22
1.680000E-18	7.050923E-22
1.690000E-18	7.040301E-22
1.700000E-18	7.029717E-22
1.710000E-18	7.019173E-22
1.720000E-18	7.008671E-22
1.730000E-18	6.998210E-22
1.740000E-18	6.987792E-22
1.750000E-18	6.977419E-22
1.760000E-18	6.967090E-22
1.770000E-18	6.956808E-22
1.780000E-18	6.946572E-22
1.790000E-18	6.936384E-22
1.800000E-18	6.926245E-22
1.810000E-18	6.916154E-22
1.820000E-18	6.906114E-22
1.830000E-18	6.896124E-22
1.840000E-18	6.886186E-22
1.850000E-18	6.876299E-22
1.860000E-18	6.866465E-22
1.870000E-18	6.856684E-22
1.880000E-18	6.846956E-22
1.890000E-18	6.837283E-22
1.900000E-18	6.827663E-22
1.910000E-18	6.818099E-22
1.920000E-18	6.808589E-22
1.930000E-18	6.799135E-22
1.940000E-18	6.789737E-22
1.950000E-18	6.780396E-22
1.960000E-18	6.771110E-22
1.970000E-18	6.761882E-22
1.980000E-18	6.752710E-22
1.990000E-18	6.743596E-22
2.000000E-18	6.734539E-22
2.010000E-18	6.725540E-22
2.020000E-18	6.716598E-22
2.030000E-18	6.707714E-22
2.040000E-18	6.698888E-22
2.050000E-18	6.690120E-22
2.060000E-18	6.681410E-22
2.070000E-18	6.672759E-22
2.080000E-18	6.664166E-22
2.090000E-18	6.655631E-22
2.100000E-18	6.647154E-22
2.110000E-18	6.638736E-22
2.120000E-18	6.630376E-22
2.130000E-18	6.622074E-22
2.140000E-18	6.613830E-22
2.150000E-18	6.605645E-22
2.160000E-18	6.597518E-22
2.170000E-18	6.589449E-22
2.180000E-18	6.581438E-22
2.190000E-18	6.573484E-22
2.200000E-18	6.565589E-22
2.210000E-18	6.557751E-22
2.220000E-18	6.549970E-22
2.230000E-18	6.542247E-22
2.240000E-18	6.534582E-22
2.250000E-18	6.526973E-22
2.260000E-18	6.519421E-22
2.270000E-18	6.511926E-22
2.280000E-18	6.504488E-22
2.290000E-18	6.497106E-22
2.300000E-18	6.489780E-22
2.310000E-18	6.482511E-22
2.320000E-18	6.475297E-22
2.330000E-18	6.468139E-22
2.340000E-18	6.461036E-22
2.350000E-18	6.453988E-22
2.360000E-18	6.446995E-22
2.370000E-18	6.440058E-22
2.380000E-18	6.433174E-22
2.390000E-18	6.426345E-22
2.400000E-18	6.419570E-22
2.410000E-18	6.412848E-22
2.420000E-18	6.406180E-22
2.430000E-18	6.399566E-22
2.440000E-18	6.393004E-22
2.450000E-18	6.386495E-22
2.460000E-18	6.380039E-22
2.470000E-18	6.373635E-22
2.480000E-18	6.367282E-22
2.490000E-18	6.360982E-22
2.500000E-18	6.354733E-22
2.510000E-18	6.348534E-22
2.520000E-18	6.342387E-22
2.530000E-18	6.336290E-22
2.540000E-18	6.330244E-22
2.550000E-18	6.324247E-22
2.560000E-18	6.318301E-22
2.570000E-18	6.312403E-22
2.580000E-18	6.306555E-22
2.590000E-18	6.300755E-22
2.600000E-18	6.295004E-22
2.610000E-18	6.289301E-22
2.620000E-18	6.283646E-22
2.630000E-18	6.278039E-22
2.640000E-18	6.272479E-22
2.650000E-18	6.266966E-22
2.660000E-18	6.261500E-22
2.670000E-18	6.256080E-22
2.680000E-18	6.250707E-22
2.690000E-18	6.245379E-22
2.700000E-18	6.240097E-22
2.710000E-18	6.234860E-22
2.720000E-18	6.229667E-22
2.730000E-18	6.224520E-22
2.740000E-18	6.219417E-22
2.750000E-18	6.214358E-22
2.760000E-18	6.209342E-22
2.770000E-18	6.204370E-22
2.780000E-18	6.199441E-22
2.790000E-18	6.194555E-22
2.800000E-18	6.189712E-22
2.810000E-18	6.184911E-22
2.820000E-18	6.180151E-22
2.830000E-18	6.175434E-22
2.840000E-18	6.170757E-22
2.850000E-18	6.166122E-22
2.860000E-18	6.161527E-22
2.870000E-18	6.156973E-22
2.880000E-18	6.152459E-22
2.890000E-18	6.147985E-22
2.900000E-18	6.143551E-22
2.910000E-18	6.139155E-22
2.920000E-18	6.134799E-22
2.930000E-18	6.130481E-22
2.940000E-18	6.126202E-22
2.950000E-18	6.121961E-22
2.960000E-18	6.117758E-22
2.970000E-18	6.113592E-22
2.980000E-18	6.109464E-22
2.990000E-18	6.105373E-22
3.000000E-18	6.101318E-22
3.010000E-18	6.097300E-22
3.020000E-18	6.093318E-22
3.030000E-18	6.089372E-22
3.040000E-18	6.085461E-22
3.050000E-18	6.081586E-22
3.060000E-18	6.077745E-22
3.070000E-18	6.073940E-22
3.080000E-18	6.070169E-22
3.090000E-18	6.066432E-22
3.100000E-18	6.062730E-22
3.110000E-18	6.059060E-22
3.120000E-18	6.055425E-22
3.130000E-18	6.051822E-22
3.140000E-18	6.048253E-22
3.150000E-18	6.044716E-22
3.160000E-18	6.041211E-22
3.170000E-18	6.037739E-22
3.180000E-18	6.034298E-22
3.190000E-18	6.030889E-22
3.200000E-18	6.027512E-22
3.210000E-18	6.024165E-22
3.220000E-18	6.020850E-22
3.230000E-18	6.017565E-22
3.240000E-18	6.014310E-22
3.250000E-18	6.011085E-22
3.260000E-18	6.007891E-22
3.270000E-18	6.004726E-22
3.280000E-18	6.001590E-22
3.290000E-18	5.998484E-22
3.300000E-18	5.995406E-22
3.310000E-18	5.992357E-22
3.320000E-18	5.989336E-22
3.330000E-18	5.986344E-22
3.340000E-18	5.983380E-22
3.350000E-18	5.980443E-22
3.360000E-18	5.977534E-22
3.370000E-18	5.974652E-22
3.380000E-18	5.971797E-22
3.390000E-18	5.968969E-22
3.400000E-18	5.966168E-22
3.410000E-18	5.963393E-22
3.420000E-18	5.960644E-22
3.430000E-18	5.957921E-22
3.440000E-18	5.955224E-22
3.450000E-18	5.952552E-22
3.460000E-18	5.949905E-22
3.470000E-18	5.947284E-22
3.480000E-18	5.944688E-22
3.490000E-18	5.942116E-22
3.500000E-18	5.939568E-22
3.510000E-18	5.937045E-22
3.520000E-18	5.934546E-22
3.530000E-18	5.932071E-22
3.540000E-18	5.929619E-22
3.550000E-18	5.927191E-22
3.560000E-18	5.924786E-22
3.570000E-18	5.922404E-22
3.580000E-18	5.920045E-22
3.590000E-18	5.917708E-22
3.600000E-18	5.915394E-22
3.610000E-18	5.913102E-22
3.620000E-18	5.910833E-22
3.630000E-18	5.908585E-22
3.640000E-18	5.906359E-22
3.650000E-18	5.904154E-22
3.660000E-18	5.901970E-22
3.670000E-18	5.899808E-22
3.680000E-18	5.897667E-22
3.690000E-18	5.895546E-22
3.700000E-18	5.893446E-22
3.710000E-18	5.891367E-22
3.720000E-18	5.889308E-22
3.730000E-18	5.887268E-22
3.740000E-18	5.885249E-22
3.750000E-18	5.883249E-22
3.760000E-18	5.881269E-22
3.770000E-18	5.879309E-22
3.780000E-18	5.877367E-22
3.790000E-18	5.875445E-22
3.800000E-18	5.873541E-22
3.810000E-18	5.871656E-22
3.820000E-18	5.869790E-22
3.830000E-18	5.867942E-22
3.840000E-18	5.866112E-22
3.850000E-18	5.864300E-22
3.860000E-18	5.862507E-22
3.870000E-18	5.860730E-22
3.880000E-18	5.858972E-22
3.890000E-18	5.857231E-22
3.900000E-18	5.855507E-22
3.910000E-18	5.853801E-22
3.920000E-18	5.852111E-22
3.930000E-18	5.850438E-22
3.940000E-18	5.848782E-22
3.950000E-18	5.847143E-22
3.960000E-18	5.845520E-22
3.970000E-18	5.843913E-22
3.980000E-18	5.842322E-22
3.990000E-18	5.840747E-22
4.000000E-18	5.839188E-22
4.010000E-18	5.837645E-22
4.020000E-18	5.836117E-22
4.030000E-18	5.834604E-22
4.040000E-18	5.833107E-22
4.050000E-18	5.831625E-22
4.060000E-18	5.830158E-22
4.070000E-18	5.828706E-22
4.080000E-18	5.827269E-22
4.090000E-18	5.825846E-22
4.100000E-18	5.824438E-22
4.110000E-18	5.823044E-22
4.120000E-18	5.821664E-22
4.130000E-18	5.820298E-22
4.140000E-18	5.818947E-22
4.150000E-18	5.817609E-22
4.160000E-18	5.816285E-22
4.170000E-18	5.814974E-22
4.180000E-18	5.813677E-22
4.190000E-18	5.812394E-22
4.200000E-18	5.811123E-22
4.210000E-18	5.809866E-22
4.220000E-18	5.808622E-22
4.230000E-18	5.807390E-22
4.240000E-18	5.806172E-22
4.250000E-18	5.804966E-22
4.260000E-18	5.803772E-22
4.270000E-18	5.802591E-22
4.280000E-18	5.801423E-22
4.290000E-18	5.800266E-22
4.300000E-18	5.799122E-22
4.310000E-18	5.797989E-22
4.320000E-18	5.796869E-22
4.330000E-18	5.795760E-22
4.340000E-18	5.794663E-22
4.350000E-18	5.793578E-22
4.360000E-18	5.792504E-22
4.370000E-18	5.791441E-22
4.380000E-18	5.790390E-22
4.390000E-18	5.789349E-22
4.400000E-18	5.788320E-22
4.410000E-18	5.787302E-22
4.420000E-18	5.786295E-22
4.430000E-18	5.785298E-22
4.440000E-18	5.784312E-22
4.450000E-18	5.783337E-22
4.460000E-18	5.782372E-22
4.470000E-18	5.781418E-22
4.480000E-18	5.780473E-22
4.490000E-18	5.779539E-22
4.500000E-18	5.778615E-22
4.510000E-18	5.777702E-22
4.520000E-18	5.776798E-22
4.530000E-18	5.775903E-22
4.540000E-18	5.775019E-22
4.550000E-18	5.774144E-22
4.560000E-18	5.773279E-22
4.570000E-18	5.772423E-22
4.580000E-18	5.771577E-22
4.590000E-18	5.770740E-22
4.600000E-18	5.769912E-22
4.610000E-18	5.769094E-22
4.620000E-18	5.768284E-22
4.630000E-18	5.767484E-22
4.640000E-18	5.766692E-22
4.650000E-18	5.765909E-22
4.660000E-18	5.765135E-22
4.670000E-18	5.764370E-22
4.680000E-18	5.763613E-22
4.690000E-18	5.762864E-22
4.700000E-18	5.762124E-22
4.710000E-18	5.761393E-22
4.720000E-18	5.760669E-22
4.730000E-18	5.759954E-22
4.740000E-18	5.759247E-22
4.750000E-18	5.758548E-22
4.760000E-18	5.757857E-22
4.770000E-18	5.757174E-22
4.780000E-18	5.756499E-22
4.790000E-18	5.755831E-22
4.800000E-18	5.755172E-22
4.810000E-18	5.754519E-22
4.820000E-18	5.753875E-22
4.830000E-18	5.753237E-22
4.840000E-18	5.752608E-22
4.850000E-18	5.751985E-22
4.860000E-18	5.751370E-22
4.870000E-18	5.750762E-22
4.880000E-18	5.750162E-22
4.890000E-18	5.749568E-22
4.900000E-18	5.748981E-22
4.910000E-18	5.748401E-22
4.920000E-18	5.747829E-22
4.930000E-18	5.747263E-22
4.940000E-18	5.746703E-22
4.950000E-18	5.746151E-22
4.960000E-18	5.745605E-22
4.970000E-18	5.745066E-22
4.980000E-18	5.744533E-22
4.990000E-18	5.744007E-22
